name: environment
channels:
  - conda-forge
  - defaults
dependencies:
  - absl-py=0.1.10=py_0
  - backports=1.0=py36_1
  - backports.functools_lru_cache=1.5=py36_0
  - backports.weakref=1.0rc1=py36_1
  - blas=1.1=openblas
  - bleach=1.5.0=py36_0
  - ca-certificates=2018.1.18=0
  - certifi=2018.1.18=py36_0
  - colorama=0.3.9=py36_0
  - cycler=0.10.0=py36_0
  - decorator=4.2.1=py36_0
  - entrypoints=0.2.3=py36_1
  - freetype=2.8.1=vc14_0
  - git=2.14.2=3
  - h5py=2.7.1=py36_2
  - hdf5=1.10.1=vc14_2
  - html5lib=0.9999999=py36_0
  - icu=58.2=vc14_0
  - ipykernel=4.8.2=py36_0
  - ipython=6.2.1=py36_1
  - ipython_genutils=0.2.0=py36_0
  - ipywidgets=7.1.2=py36_0
  - jedi=0.11.1=py36_0
  - jinja2=2.10=py36_0
  - jpeg=9b=vc14_2
  - jsonschema=2.6.0=py36_1
  - jupyter=1.0.0=py36_0
  - jupyter_client=5.2.3=py36_0
  - jupyter_console=5.2.0=py36_0
  - jupyter_core=4.4.0=py_0
  - jupyterlab_launcher=0.5.0=py36_0
  - keras=2.1.5=py36_0
  - kiwisolver=1.0.1=py36_1
  - libflang=5.0.0=vc14_20180208
  - libgpuarray=0.7.5=vc14_0
  - libpng=1.6.34=vc14_0
  - libprotobuf=3.5.2=vc14_0
  - llvm-meta=5.0.0=0
  - mako=1.0.7=py36_0
  - markdown=2.6.11=py_0
  - markupsafe=1.0=py36_0
  - matplotlib=2.2.2=py36_0
  - mistune=0.8.3=py_0
  - nbconvert=5.3.1=py_1
  - nbformat=4.4.0=py36_0
  - networkx=2.1=py36_0
  - notebook=5.4.1=py36_0
  - numpy=1.14.2=py36_blas_openblas_200
  - openblas=0.2.20=vc14_7
  - openmp=5.0.0=vc14_1
  - openssl=1.0.2n=vc14_0
  - pandas=0.22.0=py36_0
  - pandoc=2.1.3=0
  - pandocfilters=1.4.1=py36_0
  - parso=0.1.1=py_0
  - pickleshare=0.7.4=py36_0
  - pip=9.0.1=py36_1
  - prompt_toolkit=1.0.15=py36_0
  - protobuf=3.5.2=py36_vc14_0
  - pygments=2.2.0=py36_0
  - pygpu=0.7.5=py36_0
  - pyparsing=2.2.0=py36_0
  - pyqt=5.6.0=py36_4
  - python=3.6.4=0
  - python-dateutil=2.7.0=py_0
  - pytz=2018.3=py_0
  - pywinpty=0.5=py36_1
  - pyyaml=3.12=py36_1
  - pyzmq=17.0.0=py36_3
  - qt=5.6.2=vc14_1
  - qtconsole=4.3.1=py36_0
  - send2trash=1.5.0=py_0
  - setuptools=39.0.1=py36_0
  - simplegeneric=0.8.1=py36_0
  - sip=4.18=py36_1
  - six=1.11.0=py36_1
  - tensorboard=1.5.1=py36_1
  - tensorflow=1.5.0=py36_0
  - terminado=0.8.1=py36_0
  - testpath=0.3.1=py36_0
  - theano=1.0.1=py36_1
  - tornado=5.0.1=py36_1
  - traitlets=4.3.2=py36_0
  - vc=14=0
  - vs2015_runtime=14.0.25420=0
  - wcwidth=0.1.7=py36_0
  - webencodings=0.5=py36_0
  - werkzeug=0.14.1=py_0
  - wheel=0.30.0=py36_2
  - widgetsnbextension=3.1.4=py36_0
  - wincertstore=0.2=py36_0
  - winpty=0.4.3=vc14_2
  - yaml=0.1.7=vc14_0
  - zlib=1.2.11=vc14_0
  - icc_rt=2017.0.4=h97af966_0
  - intel-openmp=2018.0.0=hd92c6cd_8
  - mkl=2018.0.1=h2108138_4
  - scikit-learn=0.19.1=py36h53aea1b_0
  - scipy=1.0.0=py36h1260518_0
  - pip:
    - pipenv==11.9.0
    - tensorflow-tensorboard==1.5.1
    - virtualenv==15.2.0
    - virtualenv-clone==0.3.0
prefix: C:\Users\User\Miniconda3\envs\environment

